# Created by Octave 4.2.2, Sun Mar 03 05:03:22 2019 UTC <vagrant@ubuntu-xenial>
# name: v
# type: matrix
# rows: 10
# columns: 1
 3999
 3299
 3690
 2320
 5399
 2999
 3149
 1989
 2120
 2425


